Canal	Cuentas
0	0
1	0
2	3
3	421
4	2750
5	1396
6	565
7	229
8	153
9	103
10	63
11	48
12	25
13	16
14	13
15	19
16	38
17	50
18	94
19	233
20	569
21	1329
22	2650
23	4544
24	6112
25	7479
26	7363
27	6369
28	5071
29	3537
30	2326
31	1403
32	765
33	378
34	183
35	71
36	20
37	21
38	10
39	9
40	7
41	8
42	9
43	12
44	16
45	12
46	23
47	15
48	25
49	30
50	22
51	22
52	27
53	17
54	14
55	11
56	16
57	23
58	15
59	24
60	23
61	30
62	36
63	30
64	32
65	35
66	32
67	34
68	38
69	42
70	31
71	31
72	31
73	38
74	37
75	62
76	49
77	64
78	75
79	123
80	121
81	146
82	144
83	184
84	183
85	196
86	158
87	175
88	162
89	167
90	203
91	195
92	242
93	273
94	361
95	378
96	407
97	460
98	486
99	463
100	457
101	383
102	333
103	318
104	248
105	191
106	125
107	89
108	57
109	43
110	29
111	22
112	18
113	15
114	9
115	13
116	10
117	11
118	11
119	14
120	13
121	13
122	26
123	14
124	12
125	11
126	7
127	13
128	9
129	12
130	5
131	8
132	15
133	12
134	5
135	11
136	18
137	2
138	13
139	6
140	13
141	9
142	12
143	4
144	12
145	9
146	5
147	12
148	6
149	9
150	9
151	10
152	9
153	7
154	14
155	11
156	9
157	10
158	8
159	15
160	13
161	15
162	9
163	9
164	12
165	15
166	13
167	12
168	9
169	9
170	9
171	10
172	14
173	8
174	3
175	9
176	10
177	9
178	6
179	11
180	4
181	5
182	12
183	10
184	11
185	5
186	14
187	12
188	9
189	10
190	6
191	8
192	7
193	10
194	12
195	10
196	14
197	9
198	6
199	7
200	11
201	9
202	4
203	10
204	6
205	13
206	7
207	3
208	2
209	12
210	10
211	8
212	6
213	9
214	7
215	8
216	4
217	11
218	6
219	7
220	6
221	11
222	9
223	3
224	8
225	8
226	8
227	6
228	4
229	10
230	6
231	10
232	6
233	8
234	7
235	10
236	2
237	5
238	8
239	11
240	5
241	6
242	8
243	7
244	8
245	6
246	7
247	5
248	11
249	8
250	8
251	6
252	5
253	2
254	5
255	8
256	4
257	10
258	6
259	4
260	5
261	5
262	0
263	5
264	4
265	7
266	9
267	4
268	4
269	3
270	6
271	4
272	5
273	3
274	3
275	4
276	6
277	6
278	5
279	4
280	6
281	4
282	8
283	2
284	7
285	4
286	0
287	5
288	1
289	3
290	6
291	3
292	6
293	5
294	2
295	6
296	5
297	1
298	4
299	2
300	3
301	2
302	4
303	5
304	2
305	3
306	8
307	5
308	4
309	0
310	7
311	5
312	6
313	4
314	1
315	2
316	5
317	8
318	4
319	1
320	0
321	5
322	6
323	5
324	2
325	3
326	4
327	2
328	4
329	1
330	6
331	1
332	5
333	3
334	4
335	4
336	3
337	4
338	2
339	4
340	4
341	1
342	1
343	3
344	4
345	4
346	3
347	7
348	1
349	6
350	7
351	1
352	7
353	1
354	5
355	4
356	3
357	0
358	4
359	1
360	8
361	3
362	1
363	8
364	5
365	5
366	6
367	2
368	4
369	2
370	2
371	1
372	1
373	1
374	3
375	1
376	3
377	3
378	1
379	3
380	3
381	3
382	5
383	3
384	1
385	3
386	3
387	4
388	6
389	1
390	1
391	1
392	2
393	2
394	5
395	5
396	3
397	4
398	1
399	2
400	2
401	1
402	5
403	1
404	3
405	7
406	4
407	3
408	5
409	1
410	1
411	3
412	1
413	1
414	1
415	2
416	2
417	1
418	1
419	1
420	2
421	1
422	1
423	3
424	3
425	3
426	4
427	1
428	1
429	0
430	2
431	2
432	2
433	2
434	1
435	0
436	2
437	2
438	1
439	2
440	1
441	1
442	2
443	4
444	0
445	0
446	4
447	1
448	4
449	1
450	5
451	2
452	2
453	2
454	0
455	3
456	1
457	0
458	4
459	4
460	2
461	3
462	1
463	5
464	1
465	4
466	0
467	1
468	2
469	1
470	3
471	2
472	4
473	1
474	2
475	1
476	1
477	2
478	0
479	3
480	0
481	2
482	1
483	3
484	3
485	2
486	4
487	3
488	1
489	1
490	2
491	3
492	1
493	0
494	4
495	3
496	2
497	7
498	0
499	3
500	0
501	0
502	3
503	1
504	3
505	1
506	3
507	1
508	1
509	0
510	0
511	4
512	1
513	1
514	4
515	3
516	4
517	5
518	3
519	4
520	2
521	1
522	3
523	1
524	6
525	4
526	3
527	2
528	1
529	3
530	2
531	1
532	1
533	3
534	0
535	1
536	0
537	3
538	0
539	3
540	2
541	2
542	0
543	3
544	3
545	2
546	2
547	1
548	1
549	2
550	0
551	2
552	2
553	0
554	2
555	1
556	2
557	4
558	2
559	4
560	1
561	1
562	3
563	4
564	1
565	0
566	1
567	1
568	0
569	3
570	0
571	1
572	2
573	1
574	2
575	4
576	2
577	1
578	1
579	1
580	4
581	2
582	1
583	0
584	1
585	2
586	2
587	1
588	0
589	1
590	0
591	2
592	2
593	2
594	0
595	2
596	4
597	0
598	2
599	2
600	1
601	4
602	2
603	0
604	1
605	0
606	2
607	0
608	2
609	1
610	2
611	1
612	4
613	4
614	2
615	2
616	1
617	2
618	2
619	3
620	1
621	1
622	4
623	4
624	3
625	1
626	3
627	5
628	0
629	2
630	2
631	2
632	0
633	3
634	4
635	0
636	1
637	1
638	1
639	0
640	2
641	2
642	3
643	0
644	4
645	0
646	5
647	3
648	1
649	0
650	2
651	2
652	1
653	0
654	4
655	1
656	2
657	1
658	2
659	2
660	6
661	2
662	4
663	4
664	3
665	3
666	2
667	5
668	5
669	1
670	1
671	4
672	2
673	1
674	0
675	4
676	6
677	4
678	1
679	0
680	1
681	0
682	1
683	1
684	1
685	1
686	1
687	1
688	2
689	0
690	2
691	2
692	1
693	2
694	4
695	0
696	0
697	2
698	2
699	2
700	0
701	0
702	0
703	2
704	2
705	1
706	0
707	1
708	1
709	0
710	1
711	1
712	1
713	1
714	2
715	0
716	0
717	2
718	1
719	0
720	2
721	2
722	2
723	0
724	2
725	1
726	0
727	0
728	1
729	3
730	0
731	0
732	2
733	2
734	2
735	0
736	0
737	1
738	1
739	2
740	0
741	1
742	0
743	1
744	2
745	0
746	0
747	1
748	5
749	2
750	1
751	0
752	1
753	0
754	0
755	1
756	0
757	0
758	3
759	0
760	0
761	0
762	1
763	2
764	0
765	1
766	0
767	2
768	0
769	1
770	0
771	1
772	2
773	3
774	1
775	1
776	2
777	3
778	1
779	0
780	1
781	0
782	2
783	1
784	1
785	0
786	0
787	2
788	1
789	1
790	2
791	0
792	0
793	1
794	0
795	1
796	2
797	0
798	0
799	0
800	1
801	3
802	1
803	1
804	2
805	1
806	0
807	0
808	0
809	0
810	0
811	0
812	1
813	2
814	3
815	0
816	2
817	1
818	2
819	0
820	0
821	1
822	0
823	1
824	1
825	0
826	0
827	0
828	0
829	0
830	0
831	1
832	0
833	0
834	3
835	1
836	1
837	2
838	1
839	2
840	3
841	0
842	1
843	0
844	1
845	1
846	2
847	0
848	0
849	2
850	0
851	0
852	0
853	0
854	0
855	1
856	0
857	0
858	1
859	0
860	1
861	1
862	1
863	0
864	0
865	1
866	2
867	1
868	2
869	2
870	3
871	0
872	1
873	0
874	0
875	0
876	0
877	0
878	0
879	1
880	1
881	0
882	1
883	2
884	1
885	1
886	1
887	1
888	0
889	2
890	0
891	0
892	0
893	0
894	0
895	2
896	2
897	0
898	0
899	0
900	2
901	1
902	0
903	1
904	0
905	0
906	1
907	0
908	1
909	2
910	0
911	0
912	2
913	2
914	0
915	0
916	1
917	0
918	0
919	0
920	1
921	0
922	2
923	2
924	0
925	0
926	1
927	1
928	1
929	1
930	0
931	0
932	0
933	0
934	0
935	0
936	0
937	0
938	0
939	0
940	0
941	0
942	0
943	0
944	0
945	0
946	0
947	0
948	0
949	0
950	0
951	0
952	0
953	0
954	0
955	0
956	0
957	0
958	0
959	0
960	0
961	0
962	0
963	0
964	0
965	0
966	0
967	0
968	0
969	0
970	0
971	0
972	0
973	0
974	0
975	0
976	0
977	0
978	0
979	0
980	0
981	0
982	0
983	0
984	0
985	0
986	0
987	0
988	0
989	0
990	0
991	0
992	0
993	0
994	0
995	0
996	0
997	0
998	0
999	0
1000	0
1001	0
1002	0
1003	0
1004	0
1005	0
1006	0
1007	0
1008	0
1009	0
1010	0
1011	0
1012	0
1013	0
1014	0
1015	0
1016	0
1017	0
1018	0
1019	0
1020	0
1021	0
1022	0
1023	0
	
	
	
	
	
	
	
	
	
	
	
	
	
	
