Canal	Cuentas
0	0
1	0
2	2
3	713
4	5370
5	2652
6	1502
7	885
8	396
9	246
10	143
11	131
12	156
13	163
14	136
15	144
16	144
17	135
18	141
19	154
20	141
21	165
22	181
23	235
24	308
25	413
26	600
27	918
28	1616
29	2641
30	4540
31	6624
32	9042
33	10773
34	11044
35	10210
36	8454
37	6307
38	4615
39	2910
40	1956
41	1244
42	833
43	486
44	353
45	264
46	259
47	269
48	259
49	307
50	304
51	315
52	395
53	453
54	456
55	530
56	541
57	576
58	533
59	502
60	449
61	434
62	423
63	356
64	361
65	368
66	354
67	414
68	456
69	490
70	503
71	514
72	580
73	583
74	679
75	764
76	880
77	949
78	1164
79	1413
80	1669
81	1973
82	2285
83	2690
84	2922
85	3342
86	3496
87	3479
88	3493
89	3327
90	3056
91	2511
92	2151
93	1627
94	1305
95	947
96	714
97	476
98	364
99	259
100	194
101	157
102	149
103	145
104	128
105	134
106	128
107	154
108	153
109	149
110	135
111	157
112	144
113	194
114	187
115	195
116	229
117	207
118	224
119	233
120	250
121	270
122	268
123	276
124	241
125	252
126	231
127	194
128	183
129	183
130	173
131	174
132	153
133	124
134	135
135	129
136	116
137	145
138	126
139	139
140	105
141	153
142	153
143	126
144	135
145	120
146	137
147	145
148	146
149	155
150	148
151	162
152	173
153	163
154	165
155	181
156	171
157	190
158	201
159	218
160	219
161	232
162	217
163	217
164	236
165	214
166	209
167	228
168	215
169	230
170	242
171	229
172	195
173	244
174	209
175	216
176	196
177	201
178	195
179	174
180	192
181	189
182	171
183	183
184	202
185	233
186	177
187	188
188	194
189	166
190	183
191	172
192	169
193	165
194	161
195	165
196	164
197	185
198	182
199	160
200	150
201	137
202	128
203	144
204	151
205	158
206	128
207	142
208	116
209	115
210	145
211	136
212	129
213	127
214	103
215	105
216	107
217	111
218	93
219	113
220	96
221	101
222	107
223	94
224	105
225	97
226	103
227	87
228	106
229	76
230	98
231	77
232	84
233	72
234	81
235	68
236	77
237	56
238	82
239	71
240	73
241	63
242	69
243	63
244	77
245	61
246	70
247	73
248	59
249	83
250	64
251	75
252	59
253	79
254	67
255	83
256	98
257	100
258	128
259	130
260	119
261	119
262	145
263	175
264	150
265	176
266	186
267	201
268	202
269	197
270	207
271	208
272	224
273	236
274	235
275	232
276	242
277	245
278	266
279	264
280	274
281	283
282	308
283	307
284	297
285	328
286	346
287	333
288	357
289	366
290	362
291	418
292	332
293	381
294	404
295	409
296	458
297	428
298	395
299	427
300	427
301	405
302	439
303	407
304	422
305	353
306	382
307	390
308	332
309	315
310	333
311	308
312	291
313	292
314	276
315	218
316	223
317	215
318	216
319	207
320	238
321	238
322	197
323	226
324	224
325	232
326	256
327	274
328	330
329	354
330	380
331	357
332	436
333	446
334	554
335	522
336	595
337	606
338	691
339	670
340	686
341	773
342	814
343	890
344	911
345	941
346	936
347	926
348	1006
349	990
350	1006
351	1050
352	960
353	1043
354	997
355	941
356	971
357	970
358	893
359	924
360	840
361	836
362	879
363	761
364	717
365	704
366	668
367	622
368	629
369	577
370	520
371	536
372	493
373	432
374	445
375	405
376	355
377	343
378	304
379	317
380	287
381	297
382	246
383	255
384	250
385	236
386	195
387	206
388	177
389	186
390	213
391	171
392	181
393	144
394	129
395	126
396	108
397	120
398	115
399	104
400	87
401	80
402	88
403	77
404	67
405	72
406	77
407	56
408	61
409	41
410	44
411	51
412	26
413	39
414	31
415	29
416	37
417	29
418	29
419	34
420	37
421	26
422	44
423	24
424	36
425	31
426	28
427	29
428	36
429	42
430	40
431	31
432	25
433	29
434	33
435	29
436	28
437	40
438	34
439	31
440	28
441	43
442	39
443	36
444	40
445	31
446	38
447	28
448	34
449	30
450	27
451	28
452	27
453	26
454	26
455	18
456	27
457	21
458	19
459	11
460	16
461	15
462	9
463	11
464	7
465	11
466	9
467	6
468	8
469	11
470	8
471	8
472	7
473	8
474	2
475	5
476	5
477	7
478	8
479	0
480	3
481	2
482	4
483	3
484	1
485	1
486	1
487	2
488	5
489	2
490	0
491	5
492	3
493	3
494	2
495	2
496	6
497	6
498	1
499	1
500	2
501	3
502	2
503	2
504	3
505	3
506	3
507	3
508	1
509	1
510	1
511	0
512	3
513	0
514	1
515	1
516	2
517	1
518	1
519	2
520	3
521	1
522	3
523	2
524	0
525	0
526	2
527	0
528	2
529	1
530	1
531	2
532	2
533	3
534	3
535	1
536	0
537	3
538	0
539	0
540	2
541	2
542	1
543	1
544	1
545	1
546	0
547	2
548	0
549	2
550	0
551	2
552	3
553	2
554	1
555	0
556	2
557	2
558	0
559	2
560	2
561	3
562	2
563	2
564	4
565	2
566	2
567	2
568	2
569	1
570	3
571	1
572	2
573	0
574	1
575	2
576	1
577	2
578	0
579	0
580	1
581	3
582	1
583	2
584	0
585	1
586	2
587	3
588	1
589	1
590	2
591	2
592	0
593	1
594	0
595	2
596	1
597	2
598	0
599	2
600	3
601	2
602	2
603	0
604	1
605	0
606	1
607	2
608	0
609	1
610	1
611	3
612	3
613	0
614	0
615	1
616	0
617	2
618	2
619	2
620	0
621	0
622	1
623	2
624	0
625	0
626	2
627	1
628	1
629	0
630	2
631	3
632	1
633	2
634	0
635	0
636	1
637	0
638	1
639	1
640	3
641	1
642	2
643	0
644	0
645	1
646	0
647	1
648	0
649	1
650	0
651	0
652	1
653	1
654	2
655	1
656	1
657	2
658	0
659	1
660	1
661	0
662	0
663	1
664	0
665	0
666	1
667	0
668	1
669	0
670	0
671	0
672	3
673	0
674	2
675	2
676	1
677	0
678	0
679	1
680	2
681	1
682	0
683	0
684	1
685	1
686	1
687	0
688	1
689	0
690	0
691	0
692	1
693	3
694	2
695	2
696	0
697	0
698	2
699	0
700	2
701	1
702	2
703	1
704	0
705	0
706	1
707	0
708	0
709	2
710	1
711	0
712	1
713	2
714	0
715	0
716	1
717	1
718	1
719	0
720	0
721	0
722	0
723	0
724	2
725	0
726	0
727	1
728	0
729	1
730	1
731	2
732	2
733	1
734	0
735	0
736	0
737	2
738	1
739	0
740	1
741	0
742	0
743	2
744	0
745	0
746	0
747	1
748	0
749	1
750	1
751	0
752	0
753	0
754	1
755	1
756	0
757	0
758	1
759	0
760	0
761	0
762	2
763	0
764	0
765	1
766	0
767	1
768	0
769	1
770	0
771	1
772	0
773	1
774	0
775	0
776	0
777	2
778	1
779	0
780	1
781	0
782	1
783	2
784	1
785	0
786	1
787	1
788	1
789	0
790	1
791	1
792	0
793	1
794	2
795	1
796	0
797	0
798	0
799	0
800	0
801	0
802	1
803	1
804	2
805	1
806	3
807	0
808	0
809	0
810	1
811	0
812	1
813	0
814	0
815	1
816	1
817	0
818	0
819	1
820	0
821	0
822	0
823	1
824	0
825	0
826	0
827	0
828	4
829	0
830	0
831	0
832	0
833	0
834	0
835	0
836	0
837	0
838	1
839	0
840	1
841	0
842	0
843	0
844	0
845	1
846	2
847	1
848	0
849	0
850	0
851	0
852	0
853	0
854	1
855	1
856	0
857	1
858	1
859	0
860	2
861	0
862	0
863	1
864	0
865	1
866	1
867	1
868	1
869	1
870	0
871	0
872	1
873	0
874	2
875	1
876	0
877	1
878	1
879	2
880	2
881	0
882	0
883	0
884	1
885	0
886	0
887	0
888	0
889	0
890	0
891	0
892	0
893	1
894	0
895	0
896	1
897	0
898	0
899	3
900	2
901	0
902	0
903	0
904	0
905	0
906	1
907	0
908	1
909	0
910	0
911	0
912	1
913	0
914	0
915	0
916	0
917	1
918	0
919	1
920	0
921	0
922	0
923	0
924	0
925	1
926	0
927	2
928	2
929	0
930	0
931	0
932	0
933	0
934	0
935	0
936	0
937	0
938	0
939	0
940	0
941	0
942	0
943	0
944	0
945	0
946	0
947	0
948	0
949	0
950	0
951	0
952	0
953	0
954	0
955	0
956	0
957	0
958	0
959	0
960	0
961	0
962	0
963	0
964	0
965	0
966	0
967	0
968	0
969	0
970	0
971	0
972	0
973	0
974	0
975	0
976	0
977	0
978	0
979	0
980	0
981	0
982	0
983	0
984	0
985	0
986	0
987	0
988	0
989	0
990	0
991	0
992	0
993	0
994	0
995	0
996	0
997	0
998	0
999	0
1000	0
1001	0
1002	0
1003	0
1004	0
1005	0
1006	0
1007	0
1008	0
1009	0
1010	0
1011	0
1012	0
1013	0
1014	0
1015	0
1016	0
1017	0
1018	0
1019	0
1020	0
1021	0
1022	0
1023	0
	
	
	
	
	
	
	
	
	
	
	
	
	
	
