Canal	Cuentas
0	0
1	3
2	220
3	12658
4	228885
5	30600
6	10664
7	5432
8	2964
9	1818
10	1123
11	809
12	630
13	493
14	487
15	538
16	515
17	507
18	550
19	563
20	541
21	578
22	649
23	695
24	784
25	787
26	825
27	947
28	1016
29	1078
30	1297
31	1485
32	1630
33	2121
34	2555
35	3016
36	3486
37	3683
38	3592
39	3408
40	3024
41	2413
42	2024
43	1528
44	1278
45	998
46	854
47	795
48	656
49	593
50	582
51	599
52	588
53	618
54	573
55	570
56	578
57	576
58	571
59	535
60	582
61	596
62	620
63	614
64	615
65	577
66	573
67	576
68	622
69	586
70	601
71	580
72	597
73	636
74	606
75	683
76	668
77	688
78	709
79	707
80	754
81	772
82	815
83	793
84	830
85	860
86	824
87	797
88	747
89	750
90	700
91	685
92	667
93	651
94	657
95	701
96	647
97	600
98	593
99	580
100	600
101	614
102	576
103	546
104	513
105	568
106	521
107	533
108	537
109	493
110	536
111	539
112	524
113	489
114	544
115	509
116	476
117	565
118	505
119	512
120	506
121	501
122	506
123	539
124	506
125	536
126	509
127	546
128	550
129	484
130	496
131	485
132	540
133	504
134	520
135	531
136	519
137	488
138	499
139	511
140	517
141	541
142	477
143	491
144	491
145	507
146	490
147	464
148	526
149	527
150	476
151	491
152	508
153	473
154	507
155	509
156	472
157	528
158	493
159	514
160	510
161	510
162	481
163	509
164	466
165	483
166	502
167	542
168	529
169	496
170	516
171	542
172	509
173	508
174	504
175	506
176	510
177	525
178	480
179	493
180	545
181	519
182	502
183	506
184	506
185	515
186	498
187	537
188	548
189	544
190	467
191	532
192	593
193	608
194	568
195	554
196	565
197	612
198	571
199	605
200	641
201	620
202	595
203	627
204	628
205	609
206	609
207	619
208	642
209	606
210	642
211	664
212	643
213	615
214	736
215	641
216	602
217	637
218	647
219	597
220	646
221	607
222	609
223	559
224	624
225	601
226	609
227	600
228	601
229	603
230	565
231	603
232	604
233	605
234	589
235	581
236	574
237	569
238	594
239	556
240	580
241	574
242	578
243	610
244	561
245	556
246	556
247	584
248	534
249	552
250	555
251	510
252	542
253	553
254	519
255	565
256	570
257	580
258	508
259	539
260	506
261	486
262	558
263	517
264	494
265	525
266	491
267	559
268	493
269	511
270	573
271	567
272	483
273	546
274	528
275	493
276	511
277	513
278	475
279	531
280	456
281	503
282	467
283	538
284	463
285	486
286	515
287	488
288	495
289	513
290	500
291	447
292	522
293	494
294	474
295	502
296	471
297	492
298	485
299	442
300	480
301	469
302	478
303	464
304	473
305	484
306	471
307	460
308	458
309	492
310	471
311	454
312	507
313	497
314	437
315	464
316	500
317	510
318	480
319	475
320	440
321	454
322	518
323	465
324	488
325	423
326	468
327	450
328	449
329	489
330	453
331	448
332	434
333	450
334	450
335	438
336	477
337	432
338	425
339	467
340	476
341	465
342	435
343	462
344	469
345	456
346	467
347	402
348	427
349	475
350	495
351	462
352	431
353	424
354	443
355	469
356	456
357	453
358	428
359	460
360	482
361	471
362	440
363	418
364	457
365	472
366	495
367	429
368	414
369	463
370	411
371	418
372	426
373	424
374	498
375	483
376	442
377	434
378	446
379	441
380	468
381	463
382	423
383	476
384	469
385	451
386	390
387	476
388	425
389	456
390	456
391	445
392	434
393	451
394	472
395	472
396	464
397	397
398	451
399	445
400	413
401	474
402	452
403	473
404	445
405	428
406	420
407	472
408	443
409	469
410	412
411	482
412	467
413	465
414	474
415	454
416	441
417	443
418	465
419	450
420	464
421	476
422	460
423	470
424	452
425	469
426	477
427	457
428	497
429	473
430	483
431	438
432	441
433	470
434	456
435	468
436	457
437	458
438	454
439	475
440	464
441	472
442	434
443	465
444	444
445	399
446	468
447	478
448	454
449	460
450	514
451	452
452	436
453	428
454	478
455	438
456	481
457	457
458	466
459	476
460	456
461	445
462	397
463	432
464	386
465	426
466	401
467	382
468	410
469	371
470	370
471	366
472	387
473	358
474	382
475	354
476	344
477	295
478	306
479	315
480	287
481	296
482	284
483	304
484	267
485	260
486	244
487	249
488	242
489	219
490	217
491	217
492	195
493	189
494	170
495	181
496	171
497	159
498	200
499	173
500	174
501	181
502	151
503	143
504	165
505	141
506	152
507	137
508	122
509	121
510	154
511	122
512	140
513	118
514	117
515	101
516	106
517	108
518	100
519	103
520	105
521	117
522	120
523	112
524	120
525	107
526	97
527	108
528	109
529	86
530	84
531	98
532	84
533	84
534	97
535	109
536	90
537	89
538	83
539	92
540	77
541	67
542	85
543	63
544	72
545	81
546	69
547	58
548	62
549	72
550	73
551	71
552	59
553	71
554	66
555	66
556	64
557	62
558	55
559	58
560	48
561	67
562	59
563	58
564	53
565	52
566	51
567	58
568	51
569	56
570	53
571	52
572	53
573	60
574	53
575	43
576	35
577	56
578	47
579	55
580	69
581	46
582	48
583	46
584	52
585	59
586	48
587	49
588	44
589	61
590	61
591	55
592	63
593	49
594	49
595	51
596	50
597	53
598	51
599	71
600	56
601	58
602	65
603	64
604	72
605	66
606	75
607	95
608	93
609	101
610	70
611	89
612	94
613	131
614	121
615	134
616	147
617	151
618	171
619	175
620	219
621	213
622	245
623	245
624	286
625	306
626	324
627	328
628	388
629	417
630	505
631	455
632	578
633	571
634	616
635	699
636	710
637	790
638	855
639	867
640	993
641	1057
642	1048
643	1153
644	1270
645	1270
646	1359
647	1480
648	1541
649	1669
650	1704
651	1786
652	1958
653	1940
654	2116
655	2130
656	2282
657	2389
658	2365
659	2455
660	2545
661	2647
662	2680
663	2868
664	2852
665	2858
666	3029
667	3026
668	3004
669	3069
670	3183
671	3130
672	3207
673	3140
674	3169
675	3065
676	3148
677	3186
678	3141
679	3178
680	3060
681	2951
682	2974
683	2928
684	2878
685	2798
686	2718
687	2727
688	2742
689	2595
690	2353
691	2398
692	2283
693	2166
694	2134
695	2046
696	1925
697	1863
698	1762
699	1597
700	1478
701	1469
702	1380
703	1185
704	1211
705	1099
706	986
707	982
708	875
709	802
710	735
711	726
712	650
713	545
714	503
715	500
716	467
717	388
718	335
719	332
720	254
721	241
722	230
723	198
724	185
725	150
726	145
727	128
728	117
729	91
730	76
731	78
732	73
733	70
734	58
735	37
736	32
737	31
738	29
739	30
740	22
741	19
742	20
743	14
744	16
745	9
746	13
747	24
748	8
749	10
750	10
751	7
752	5
753	6
754	4
755	12
756	8
757	8
758	5
759	8
760	3
761	7
762	8
763	4
764	7
765	4
766	7
767	5
768	7
769	7
770	4
771	5
772	11
773	6
774	7
775	5
776	3
777	2
778	4
779	3
780	5
781	3
782	6
783	5
784	3
785	4
786	3
787	3
788	8
789	5
790	3
791	9
792	8
793	2
794	9
795	5
796	6
797	4
798	2
799	2
800	9
801	7
802	5
803	9
804	7
805	1
806	5
807	6
808	3
809	4
810	3
811	3
812	2
813	4
814	4
815	7
816	6
817	4
818	4
819	6
820	3
821	7
822	4
823	5
824	1
825	4
826	5
827	4
828	4
829	2
830	4
831	2
832	4
833	8
834	1
835	4
836	3
837	4
838	8
839	3
840	3
841	2
842	6
843	5
844	2
845	3
846	4
847	3
848	6
849	2
850	2
851	5
852	7
853	4
854	6
855	4
856	4
857	1
858	8
859	2
860	3
861	2
862	4
863	7
864	2
865	1
866	0
867	3
868	5
869	5
870	3
871	2
872	5
873	4
874	5
875	2
876	4
877	3
878	3
879	3
880	6
881	5
882	6
883	3
884	2
885	4
886	5
887	4
888	1
889	3
890	4
891	2
892	3
893	2
894	5
895	8
896	2
897	4
898	4
899	5
900	1
901	5
902	8
903	3
904	6
905	2
906	4
907	6
908	10
909	6
910	5
911	6
912	4
913	5
914	3
915	5
916	4
917	3
918	5
919	5
920	3
921	2
922	1
923	2
924	3
925	7
926	2
927	5
928	6
929	6
930	5
931	2
932	3
933	3
934	3
935	3
936	2
937	1
938	0
939	1
940	3
941	1
942	1
943	1
944	1
945	2
946	2
947	1
948	2
949	1
950	3
951	1
952	0
953	2
954	0
955	3
956	1
957	1
958	0
959	2
960	0
961	1
962	1
963	1
964	0
965	0
966	0
967	0
968	2
969	2
970	0
971	1
972	0
973	0
974	0
975	1
976	0
977	2
978	1
979	0
980	1
981	1
982	0
983	0
984	0
985	0
986	0
987	0
988	0
989	0
990	0
991	0
992	0
993	0
994	0
995	0
996	0
997	0
998	0
999	0
1000	0
1001	0
1002	0
1003	0
1004	0
1005	0
1006	0
1007	0
1008	0
1009	0
1010	0
1011	0
1012	0
1013	0
1014	0
1015	0
1016	0
1017	0
1018	0
1019	0
1020	0
1021	0
1022	0
1023	0
	
	
	
	
	
	
	
	
	
	
	
	
	
	
