Canal	Cuentas
0	1
1	40
2	937
3	5179
4	2127
5	1527
6	1464
7	1741
8	1903
9	2105
10	2763
11	3209
12	3112
13	2323
14	1643
15	1036
16	850
17	811
18	820
19	799
20	736
21	556
22	432
23	368
24	347
25	358
26	389
27	410
28	442
29	491
30	568
31	639
32	729
33	797
34	928
35	1065
36	1434
37	1690
38	2231
39	3135
40	4165
41	5623
42	7065
43	8727
44	9710
45	10152
46	9690
47	8843
48	7449
49	6115
50	5112
51	4214
52	3682
53	2987
54	2544
55	2039
56	1540
57	1142
58	875
59	631
60	474
61	424
62	347
63	332
64	305
65	341
66	326
67	320
68	349
69	351
70	337
71	371
72	417
73	496
74	516
75	616
76	784
77	957
78	1088
79	1279
80	1442
81	1653
82	1867
83	1872
84	1939
85	2024
86	1859
87	1823
88	1618
89	1510
90	1374
91	1298
92	1209
93	1187
94	1146
95	1068
96	1040
97	1097
98	1002
99	968
100	870
101	804
102	735
103	666
104	592
105	517
106	442
107	444
108	418
109	377
110	351
111	401
112	386
113	380
114	420
115	393
116	459
117	518
118	520
119	631
120	677
121	814
122	1033
123	1256
124	1474
125	1711
126	1926
127	2305
128	2610
129	2857
130	3254
131	3464
132	3656
133	3682
134	3735
135	3654
136	3488
137	3079
138	2806
139	2435
140	2099
141	1807
142	1550
143	1118
144	973
145	756
146	634
147	514
148	444
149	368
150	338
151	285
152	268
153	257
154	256
155	269
156	261
157	234
158	235
159	238
160	224
161	244
162	281
163	239
164	272
165	244
166	302
167	280
168	284
169	304
170	298
171	345
172	328
173	355
174	345
175	398
176	381
177	357
178	408
179	400
180	385
181	374
182	397
183	396
184	357
185	396
186	361
187	369
188	363
189	343
190	308
191	307
192	269
193	294
194	306
195	275
196	254
197	236
198	257
199	249
200	234
201	219
202	244
203	214
204	217
205	219
206	225
207	204
208	207
209	208
210	221
211	214
212	213
213	215
214	203
215	202
216	224
217	245
218	224
219	211
220	247
221	223
222	211
223	206
224	233
225	214
226	231
227	231
228	237
229	232
230	227
231	241
232	226
233	239
234	266
235	261
236	279
237	262
238	266
239	290
240	278
241	320
242	312
243	329
244	378
245	437
246	415
247	473
248	453
249	496
250	515
251	542
252	491
253	507
254	567
255	563
256	551
257	524
258	541
259	535
260	506
261	516
262	530
263	493
264	537
265	473
266	430
267	418
268	437
269	388
270	366
271	342
272	329
273	320
274	283
275	290
276	305
277	260
278	264
279	237
280	258
281	225
282	215
283	210
284	224
285	207
286	170
287	213
288	197
289	198
290	184
291	198
292	229
293	189
294	216
295	203
296	182
297	191
298	192
299	196
300	205
301	197
302	206
303	206
304	201
305	174
306	209
307	197
308	217
309	196
310	200
311	212
312	209
313	199
314	193
315	212
316	189
317	194
318	179
319	195
320	197
321	215
322	206
323	231
324	212
325	219
326	222
327	238
328	263
329	239
330	289
331	284
332	294
333	360
334	392
335	363
336	410
337	439
338	477
339	506
340	555
341	554
342	583
343	665
344	631
345	713
346	735
347	745
348	844
349	801
350	835
351	848
352	888
353	923
354	849
355	935
356	921
357	941
358	925
359	965
360	909
361	942
362	854
363	923
364	797
365	784
366	753
367	787
368	754
369	736
370	704
371	623
372	612
373	539
374	541
375	541
376	445
377	442
378	437
379	387
380	369
381	379
382	319
383	307
384	273
385	264
386	280
387	224
388	212
389	193
390	198
391	157
392	192
393	177
394	169
395	166
396	160
397	135
398	139
399	153
400	136
401	138
402	149
403	160
404	133
405	146
406	162
407	128
408	158
409	146
410	129
411	160
412	148
413	141
414	169
415	152
416	153
417	143
418	146
419	147
420	147
421	155
422	148
423	138
424	167
425	157
426	154
427	178
428	134
429	152
430	154
431	153
432	148
433	134
434	164
435	148
436	157
437	155
438	144
439	152
440	149
441	166
442	145
443	169
444	151
445	145
446	135
447	170
448	148
449	155
450	148
451	127
452	153
453	155
454	137
455	150
456	155
457	156
458	123
459	174
460	157
461	146
462	134
463	161
464	131
465	126
466	129
467	151
468	112
469	108
470	136
471	140
472	138
473	118
474	119
475	123
476	150
477	116
478	120
479	107
480	118
481	115
482	98
483	113
484	103
485	101
486	104
487	105
488	100
489	114
490	111
491	110
492	101
493	110
494	103
495	118
496	94
497	102
498	101
499	94
500	107
501	107
502	112
503	105
504	89
505	109
506	95
507	96
508	98
509	94
510	103
511	103
512	99
513	115
514	104
515	108
516	98
517	82
518	79
519	82
520	73
521	101
522	88
523	107
524	95
525	86
526	90
527	84
528	89
529	98
530	104
531	98
532	91
533	91
534	78
535	91
536	96
537	71
538	94
539	97
540	97
541	94
542	117
543	76
544	72
545	86
546	94
547	83
548	79
549	102
550	85
551	92
552	102
553	67
554	96
555	80
556	89
557	90
558	92
559	80
560	88
561	90
562	96
563	74
564	95
565	79
566	76
567	80
568	105
569	81
570	80
571	78
572	83
573	95
574	81
575	61
576	95
577	97
578	87
579	81
580	75
581	85
582	77
583	90
584	91
585	90
586	98
587	97
588	70
589	70
590	97
591	77
592	88
593	92
594	81
595	81
596	77
597	79
598	74
599	77
600	90
601	81
602	86
603	107
604	76
605	74
606	75
607	67
608	90
609	65
610	94
611	78
612	63
613	67
614	79
615	74
616	83
617	76
618	74
619	69
620	79
621	80
622	53
623	79
624	64
625	79
626	56
627	71
628	78
629	80
630	64
631	56
632	70
633	64
634	55
635	68
636	58
637	58
638	62
639	72
640	58
641	55
642	63
643	69
644	74
645	77
646	71
647	65
648	72
649	68
650	77
651	77
652	74
653	75
654	63
655	73
656	73
657	62
658	60
659	68
660	63
661	72
662	76
663	66
664	76
665	67
666	63
667	86
668	59
669	72
670	73
671	71
672	59
673	67
674	70
675	81
676	66
677	72
678	78
679	76
680	67
681	82
682	77
683	69
684	78
685	75
686	66
687	74
688	74
689	63
690	75
691	70
692	59
693	70
694	78
695	76
696	77
697	85
698	77
699	83
700	62
701	76
702	75
703	63
704	66
705	82
706	70
707	68
708	65
709	78
710	74
711	77
712	75
713	76
714	73
715	66
716	60
717	62
718	73
719	73
720	65
721	86
722	63
723	67
724	66
725	86
726	71
727	52
728	60
729	69
730	66
731	70
732	70
733	62
734	66
735	72
736	68
737	67
738	74
739	68
740	89
741	77
742	85
743	75
744	72
745	76
746	78
747	79
748	84
749	77
750	78
751	79
752	79
753	86
754	95
755	83
756	89
757	88
758	76
759	90
760	91
761	86
762	83
763	88
764	90
765	104
766	113
767	108
768	117
769	96
770	101
771	127
772	108
773	109
774	115
775	115
776	127
777	113
778	124
779	102
780	126
781	127
782	122
783	130
784	130
785	137
786	129
787	128
788	130
789	141
790	128
791	127
792	145
793	152
794	139
795	135
796	130
797	137
798	129
799	147
800	144
801	135
802	123
803	137
804	124
805	128
806	124
807	131
808	139
809	137
810	114
811	151
812	113
813	112
814	122
815	136
816	110
817	133
818	115
819	109
820	102
821	86
822	98
823	108
824	107
825	86
826	92
827	93
828	89
829	85
830	66
831	76
832	89
833	72
834	80
835	72
836	79
837	78
838	71
839	77
840	56
841	69
842	72
843	65
844	79
845	61
846	80
847	56
848	63
849	59
850	59
851	64
852	63
853	55
854	54
855	63
856	63
857	60
858	54
859	69
860	58
861	57
862	71
863	67
864	59
865	58
866	60
867	74
868	65
869	59
870	58
871	65
872	54
873	69
874	64
875	68
876	62
877	54
878	64
879	55
880	63
881	60
882	65
883	81
884	50
885	73
886	60
887	58
888	63
889	63
890	57
891	62
892	59
893	55
894	71
895	60
896	70
897	64
898	45
899	69
900	69
901	62
902	58
903	51
904	57
905	61
906	56
907	60
908	58
909	52
910	43
911	45
912	56
913	55
914	47
915	44
916	52
917	43
918	53
919	52
920	48
921	53
922	40
923	45
924	46
925	53
926	64
927	50
928	14
929	3
930	0
931	1
932	0
933	0
934	0
935	0
936	0
937	0
938	0
939	0
940	0
941	0
942	0
943	0
944	0
945	0
946	0
947	0
948	1
949	0
950	0
951	0
952	0
953	0
954	0
955	0
956	0
957	0
958	0
959	0
960	0
961	0
962	0
963	0
964	0
965	0
966	0
967	0
968	0
969	0
970	0
971	0
972	0
973	0
974	0
975	0
976	0
977	0
978	0
979	0
980	0
981	0
982	0
983	0
984	0
985	0
986	0
987	0
988	0
989	0
990	0
991	0
992	0
993	0
994	0
995	0
996	0
997	0
998	0
999	0
1000	0
1001	0
1002	0
1003	0
1004	0
1005	0
1006	0
1007	0
1008	0
1009	0
1010	0
1011	0
1012	0
1013	0
1014	0
1015	0
1016	0
1017	0
1018	0
1019	0
1020	0
1021	0
1022	0
1023	0
	
	
	
	
	
	
	
	
	
	
	
	
	
	
