Canal	Cuentas
0	0
1	0
2	54
3	1494
4	8425
5	854
6	443
7	370
8	252
9	302
10	270
11	256
12	257
13	267
14	281
15	277
16	315
17	304
18	309
19	312
20	293
21	329
22	294
23	317
24	285
25	294
26	351
27	343
28	343
29	386
30	375
31	441
32	486
33	450
34	500
35	510
36	512
37	493
38	533
39	514
40	552
41	630
42	606
43	702
44	746
45	770
46	948
47	1128
48	1116
49	1245
50	1209
51	1329
52	1302
53	1104
54	1059
55	947
56	821
57	872
58	863
59	942
60	992
61	1087
62	1174
63	1279
64	1372
65	1584
66	1575
67	1836
68	1908
69	2040
70	2178
71	2434
72	2582
73	2862
74	3260
75	3669
76	4234
77	5029
78	5828
79	6664
80	7657
81	8534
82	9159
83	9762
84	9700
85	9499
86	8984
87	8148
88	7214
89	6422
90	5336
91	4433
92	4065
93	3660
94	3438
95	3158
96	2951
97	2731
98	2516
99	2113
100	1855
101	1584
102	1354
103	1017
104	769
105	656
106	548
107	458
108	381
109	325
110	306
111	299
112	281
113	292
114	247
115	273
116	301
117	278
118	293
119	310
120	292
121	271
122	263
123	309
124	251
125	319
126	280
127	288
128	279
129	311
130	279
131	297
132	294
133	300
134	310
135	280
136	306
137	282
138	309
139	307
140	299
141	336
142	312
143	301
144	285
145	323
146	339
147	290
148	295
149	301
150	308
151	290
152	317
153	312
154	281
155	334
156	306
157	337
158	320
159	312
160	328
161	312
162	320
163	292
164	316
165	317
166	301
167	299
168	272
169	292
170	307
171	330
172	331
173	325
174	346
175	353
176	339
177	351
178	348
179	371
180	384
181	368
182	363
183	374
184	342
185	390
186	381
187	415
188	393
189	409
190	404
191	406
192	440
193	448
194	442
195	446
196	466
197	447
198	431
199	438
200	443
201	416
202	430
203	517
204	443
205	458
206	417
207	456
208	440
209	487
210	435
211	456
212	430
213	461
214	441
215	471
216	443
217	456
218	470
219	448
220	449
221	459
222	444
223	475
224	460
225	474
226	467
227	475
228	473
229	426
230	440
231	454
232	440
233	425
234	441
235	462
236	454
237	442
238	448
239	468
240	419
241	404
242	435
243	417
244	423
245	414
246	422
247	424
248	408
249	406
250	423
251	420
252	412
253	393
254	397
255	416
256	398
257	360
258	414
259	416
260	390
261	389
262	364
263	365
264	374
265	426
266	413
267	374
268	366
269	376
270	353
271	391
272	331
273	347
274	389
275	350
276	336
277	356
278	388
279	327
280	383
281	333
282	340
283	353
284	351
285	361
286	357
287	326
288	297
289	357
290	337
291	327
292	318
293	327
294	327
295	321
296	343
297	305
298	326
299	276
300	311
301	344
302	313
303	319
304	293
305	312
306	348
307	340
308	307
309	275
310	315
311	277
312	310
313	303
314	307
315	268
316	275
317	299
318	290
319	260
320	287
321	297
322	311
323	282
324	283
325	282
326	309
327	282
328	292
329	297
330	315
331	268
332	297
333	280
334	295
335	262
336	293
337	263
338	290
339	290
340	258
341	288
342	277
343	301
344	283
345	257
346	276
347	267
348	277
349	261
350	263
351	256
352	281
353	254
354	278
355	258
356	283
357	279
358	281
359	281
360	271
361	280
362	309
363	261
364	280
365	279
366	250
367	291
368	269
369	290
370	287
371	254
372	251
373	277
374	274
375	275
376	216
377	248
378	238
379	257
380	249
381	219
382	238
383	239
384	242
385	235
386	216
387	214
388	220
389	223
390	183
391	215
392	215
393	196
394	217
395	209
396	184
397	187
398	187
399	196
400	178
401	171
402	172
403	165
404	171
405	190
406	181
407	151
408	178
409	162
410	143
411	148
412	157
413	140
414	144
415	155
416	150
417	148
418	141
419	115
420	149
421	128
422	113
423	142
424	138
425	146
426	133
427	137
428	123
429	113
430	141
431	116
432	151
433	132
434	140
435	123
436	112
437	112
438	118
439	113
440	107
441	126
442	131
443	119
444	134
445	114
446	102
447	100
448	118
449	128
450	88
451	130
452	119
453	106
454	80
455	102
456	126
457	116
458	116
459	98
460	103
461	118
462	112
463	115
464	103
465	102
466	98
467	97
468	96
469	110
470	117
471	105
472	95
473	117
474	107
475	101
476	104
477	98
478	117
479	98
480	109
481	117
482	84
483	111
484	95
485	121
486	94
487	75
488	93
489	104
490	110
491	96
492	83
493	98
494	87
495	98
496	105
497	102
498	107
499	87
500	103
501	94
502	87
503	103
504	82
505	103
506	82
507	95
508	79
509	112
510	104
511	118
512	92
513	85
514	106
515	95
516	97
517	101
518	104
519	97
520	112
521	97
522	118
523	122
524	115
525	116
526	112
527	123
528	135
529	136
530	136
531	156
532	165
533	169
534	162
535	191
536	178
537	185
538	215
539	233
540	245
541	267
542	282
543	309
544	340
545	310
546	349
547	387
548	434
549	408
550	458
551	484
552	530
553	575
554	598
555	596
556	625
557	611
558	732
559	666
560	721
561	767
562	839
563	832
564	863
565	880
566	933
567	959
568	988
569	964
570	1026
571	1032
572	1049
573	1094
574	1067
575	1139
576	1144
577	1162
578	1070
579	1076
580	1114
581	1187
582	1112
583	1143
584	1026
585	1026
586	1052
587	1032
588	957
589	966
590	915
591	893
592	927
593	882
594	809
595	845
596	747
597	773
598	669
599	651
600	637
601	604
602	571
603	526
604	531
605	459
606	442
607	423
608	352
609	323
610	297
611	315
612	288
613	266
614	270
615	222
616	229
617	218
618	196
619	186
620	167
621	162
622	132
623	128
624	134
625	135
626	127
627	97
628	103
629	112
630	117
631	107
632	97
633	84
634	92
635	83
636	82
637	83
638	85
639	86
640	87
641	75
642	81
643	87
644	86
645	80
646	88
647	83
648	94
649	88
650	72
651	90
652	93
653	78
654	86
655	93
656	99
657	100
658	96
659	88
660	83
661	100
662	91
663	93
664	112
665	83
666	94
667	94
668	93
669	96
670	94
671	67
672	100
673	93
674	89
675	91
676	90
677	82
678	87
679	85
680	86
681	87
682	81
683	96
684	68
685	85
686	98
687	80
688	81
689	98
690	83
691	81
692	88
693	58
694	79
695	71
696	65
697	85
698	86
699	79
700	69
701	68
702	70
703	71
704	81
705	70
706	68
707	72
708	71
709	68
710	71
711	87
712	70
713	71
714	84
715	55
716	70
717	86
718	68
719	69
720	65
721	72
722	77
723	65
724	81
725	67
726	67
727	78
728	70
729	77
730	82
731	67
732	68
733	63
734	69
735	76
736	71
737	64
738	67
739	81
740	68
741	70
742	93
743	71
744	64
745	65
746	66
747	75
748	72
749	64
750	66
751	69
752	69
753	63
754	80
755	64
756	58
757	79
758	59
759	69
760	63
761	89
762	65
763	58
764	73
765	73
766	65
767	68
768	88
769	84
770	95
771	67
772	74
773	55
774	77
775	82
776	70
777	75
778	76
779	75
780	71
781	67
782	69
783	84
784	91
785	81
786	70
787	88
788	69
789	78
790	60
791	81
792	71
793	78
794	80
795	79
796	73
797	87
798	85
799	75
800	77
801	103
802	58
803	72
804	75
805	81
806	77
807	65
808	85
809	75
810	68
811	82
812	82
813	80
814	65
815	75
816	73
817	80
818	81
819	73
820	76
821	72
822	76
823	73
824	66
825	69
826	85
827	72
828	76
829	60
830	76
831	52
832	93
833	68
834	78
835	63
836	71
837	75
838	69
839	60
840	67
841	75
842	79
843	64
844	62
845	63
846	68
847	59
848	61
849	47
850	42
851	54
852	46
853	58
854	61
855	61
856	50
857	66
858	55
859	47
860	41
861	43
862	46
863	50
864	44
865	40
866	46
867	46
868	42
869	51
870	40
871	38
872	32
873	46
874	37
875	31
876	35
877	51
878	37
879	41
880	35
881	33
882	35
883	32
884	46
885	36
886	28
887	29
888	33
889	19
890	30
891	31
892	23
893	24
894	26
895	26
896	25
897	30
898	33
899	27
900	24
901	17
902	21
903	31
904	38
905	29
906	22
907	24
908	22
909	19
910	24
911	27
912	21
913	26
914	22
915	25
916	26
917	21
918	23
919	24
920	14
921	22
922	21
923	17
924	19
925	12
926	19
927	23
928	24
929	12
930	2
931	0
932	2
933	0
934	2
935	0
936	0
937	0
938	0
939	0
940	0
941	1
942	0
943	0
944	0
945	0
946	0
947	0
948	0
949	0
950	0
951	1
952	0
953	0
954	0
955	0
956	0
957	1
958	0
959	0
960	0
961	0
962	0
963	0
964	0
965	0
966	1
967	0
968	2
969	0
970	0
971	0
972	0
973	0
974	0
975	0
976	0
977	0
978	0
979	0
980	0
981	0
982	0
983	0
984	0
985	0
986	0
987	0
988	0
989	0
990	0
991	0
992	0
993	0
994	0
995	0
996	0
997	0
998	0
999	0
1000	0
1001	0
1002	0
1003	0
1004	0
1005	0
1006	0
1007	0
1008	0
1009	0
1010	0
1011	0
1012	0
1013	0
1014	0
1015	0
1016	0
1017	0
1018	0
1019	0
1020	0
1021	0
1022	0
1023	0
