Canal	Cuentas
0	0
1	4
2	257
3	5154
4	43704
5	7972
6	3543
7	1693
8	876
9	484
10	362
11	364
12	301
13	346
14	334
15	311
16	325
17	276
18	309
19	322
20	348
21	326
22	333
23	320
24	304
25	321
26	355
27	350
28	342
29	342
30	358
31	350
32	314
33	333
34	399
35	352
36	357
37	357
38	374
39	367
40	403
41	367
42	384
43	396
44	410
45	439
46	424
47	407
48	437
49	459
50	429
51	465
52	435
53	431
54	432
55	398
56	412
57	385
58	400
59	378
60	357
61	440
62	415
63	400
64	440
65	408
66	510
67	379
68	434
69	455
70	491
71	469
72	515
73	510
74	595
75	635
76	701
77	783
78	882
79	987
80	1029
81	1116
82	1231
83	1200
84	1215
85	1206
86	1106
87	1021
88	960
89	889
90	856
91	762
92	760
93	715
94	654
95	709
96	648
97	611
98	586
99	542
100	530
101	494
102	475
103	455
104	384
105	360
106	375
107	360
108	360
109	356
110	326
111	320
112	343
113	341
114	348
115	345
116	334
117	333
118	327
119	323
120	363
121	366
122	337
123	349
124	383
125	305
126	334
127	322
128	339
129	354
130	373
131	325
132	348
133	307
134	366
135	321
136	346
137	322
138	330
139	374
140	364
141	327
142	340
143	342
144	361
145	346
146	306
147	363
148	359
149	348
150	382
151	323
152	355
153	344
154	358
155	337
156	374
157	367
158	330
159	349
160	360
161	355
162	359
163	367
164	349
165	381
166	336
167	365
168	381
169	374
170	381
171	363
172	363
173	387
174	385
175	393
176	396
177	425
178	391
179	429
180	406
181	454
182	464
183	442
184	449
185	449
186	465
187	441
188	473
189	503
190	513
191	484
192	476
193	504
194	518
195	502
196	506
197	498
198	488
199	509
200	534
201	538
202	501
203	534
204	531
205	468
206	527
207	520
208	563
209	509
210	553
211	533
212	508
213	525
214	554
215	517
216	521
217	482
218	569
219	563
220	527
221	508
222	500
223	510
224	491
225	524
226	545
227	540
228	499
229	499
230	494
231	499
232	541
233	495
234	510
235	502
236	518
237	503
238	523
239	488
240	498
241	485
242	516
243	490
244	507
245	479
246	500
247	542
248	456
249	510
250	521
251	478
252	439
253	498
254	535
255	464
256	456
257	453
258	452
259	466
260	490
261	494
262	446
263	438
264	437
265	478
266	482
267	412
268	466
269	413
270	443
271	460
272	431
273	402
274	453
275	433
276	449
277	428
278	426
279	421
280	416
281	396
282	400
283	419
284	411
285	413
286	424
287	412
288	459
289	424
290	403
291	401
292	403
293	427
294	411
295	385
296	370
297	447
298	409
299	421
300	411
301	416
302	421
303	438
304	388
305	391
306	400
307	440
308	394
309	391
310	420
311	355
312	362
313	414
314	420
315	391
316	365
317	407
318	426
319	372
320	367
321	382
322	364
323	432
324	359
325	346
326	399
327	349
328	341
329	377
330	340
331	310
332	328
333	289
334	315
335	303
336	307
337	315
338	292
339	287
340	274
341	271
342	257
343	262
344	266
345	274
346	240
347	221
348	213
349	209
350	254
351	225
352	200
353	209
354	230
355	192
356	192
357	211
358	222
359	178
360	187
361	192
362	180
363	177
364	171
365	152
366	182
367	163
368	169
369	203
370	155
371	152
372	162
373	143
374	147
375	175
376	143
377	159
378	144
379	143
380	164
381	150
382	162
383	141
384	158
385	135
386	134
387	131
388	143
389	137
390	130
391	144
392	132
393	119
394	134
395	139
396	137
397	124
398	126
399	120
400	112
401	107
402	134
403	110
404	117
405	130
406	126
407	114
408	114
409	126
410	103
411	114
412	116
413	96
414	105
415	112
416	119
417	113
418	133
419	126
420	104
421	117
422	114
423	110
424	111
425	126
426	84
427	99
428	95
429	98
430	114
431	106
432	110
433	98
434	99
435	108
436	118
437	98
438	94
439	122
440	119
441	113
442	87
443	113
444	112
445	97
446	114
447	114
448	93
449	106
450	116
451	118
452	111
453	105
454	107
455	121
456	100
457	125
458	108
459	131
460	126
461	137
462	143
463	146
464	139
465	157
466	160
467	158
468	202
469	192
470	202
471	235
472	274
473	260
474	310
475	316
476	357
477	407
478	371
479	430
480	496
481	477
482	544
483	590
484	595
485	694
486	714
487	722
488	815
489	879
490	944
491	953
492	1039
493	1106
494	1190
495	1251
496	1372
497	1427
498	1492
499	1533
500	1642
501	1665
502	1729
503	1779
504	1845
505	1881
506	2024
507	1926
508	2024
509	2068
510	2114
511	2200
512	2212
513	2151
514	2208
515	2172
516	2228
517	2200
518	2186
519	2187
520	2164
521	2046
522	2154
523	2074
524	2061
525	1935
526	1972
527	1838
528	1802
529	1752
530	1721
531	1623
532	1504
533	1372
534	1390
535	1376
536	1251
537	1181
538	1109
539	1002
540	975
541	891
542	786
543	694
544	699
545	594
546	593
547	522
548	494
549	448
550	373
551	366
552	306
553	308
554	251
555	249
556	219
557	193
558	174
559	181
560	146
561	142
562	141
563	125
564	118
565	104
566	98
567	112
568	100
569	89
570	65
571	73
572	87
573	87
574	76
575	62
576	56
577	60
578	66
579	62
580	73
581	60
582	64
583	77
584	55
585	60
586	62
587	60
588	67
589	74
590	78
591	66
592	69
593	75
594	65
595	75
596	69
597	68
598	74
599	71
600	71
601	67
602	68
603	64
604	75
605	62
606	60
607	76
608	57
609	74
610	66
611	66
612	66
613	61
614	59
615	69
616	63
617	64
618	81
619	68
620	61
621	66
622	62
623	60
624	51
625	58
626	56
627	62
628	61
629	51
630	57
631	66
632	50
633	65
634	71
635	76
636	51
637	66
638	52
639	72
640	64
641	57
642	78
643	59
644	58
645	48
646	64
647	61
648	50
649	64
650	59
651	54
652	58
653	60
654	54
655	58
656	55
657	71
658	50
659	41
660	64
661	65
662	58
663	65
664	61
665	52
666	45
667	47
668	55
669	58
670	57
671	55
672	57
673	72
674	52
675	59
676	61
677	53
678	52
679	53
680	57
681	69
682	69
683	52
684	54
685	57
686	56
687	64
688	73
689	62
690	71
691	61
692	66
693	54
694	76
695	51
696	65
697	57
698	46
699	51
700	69
701	65
702	62
703	59
704	51
705	59
706	62
707	61
708	47
709	64
710	65
711	58
712	48
713	74
714	57
715	53
716	65
717	56
718	62
719	64
720	59
721	52
722	51
723	52
724	63
725	64
726	50
727	71
728	65
729	59
730	52
731	59
732	46
733	73
734	59
735	68
736	57
737	65
738	70
739	45
740	58
741	57
742	63
743	61
744	54
745	73
746	64
747	51
748	51
749	47
750	52
751	48
752	59
753	52
754	63
755	57
756	60
757	63
758	60
759	58
760	75
761	54
762	71
763	61
764	62
765	56
766	42
767	57
768	49
769	52
770	56
771	50
772	50
773	50
774	47
775	65
776	57
777	69
778	43
779	50
780	50
781	46
782	64
783	66
784	63
785	55
786	71
787	59
788	57
789	64
790	54
791	62
792	61
793	53
794	54
795	53
796	55
797	59
798	67
799	66
800	62
801	55
802	60
803	57
804	61
805	64
806	56
807	56
808	68
809	59
810	68
811	53
812	60
813	78
814	72
815	60
816	77
817	54
818	59
819	60
820	64
821	60
822	73
823	65
824	64
825	60
826	60
827	49
828	52
829	52
830	60
831	60
832	59
833	54
834	59
835	59
836	74
837	60
838	60
839	60
840	51
841	49
842	50
843	57
844	63
845	52
846	57
847	44
848	60
849	55
850	49
851	45
852	70
853	62
854	64
855	58
856	55
857	69
858	68
859	56
860	62
861	67
862	57
863	63
864	71
865	56
866	66
867	60
868	56
869	62
870	54
871	56
872	54
873	62
874	59
875	59
876	69
877	83
878	62
879	73
880	50
881	61
882	57
883	51
884	59
885	58
886	51
887	67
888	71
889	55
890	57
891	47
892	55
893	72
894	64
895	62
896	66
897	50
898	65
899	55
900	64
901	72
902	51
903	62
904	66
905	56
906	59
907	63
908	72
909	55
910	59
911	61
912	57
913	68
914	65
915	69
916	57
917	53
918	78
919	58
920	51
921	48
922	45
923	62
924	60
925	64
926	58
927	66
928	67
929	59
930	75
931	69
932	57
933	28
934	3
935	0
936	2
937	0
938	1
939	1
940	0
941	0
942	2
943	0
944	0
945	0
946	0
947	0
948	0
949	1
950	0
951	0
952	0
953	1
954	0
955	0
956	0
957	0
958	0
959	1
960	0
961	0
962	0
963	0
964	0
965	0
966	0
967	0
968	0
969	0
970	0
971	0
972	0
973	0
974	0
975	0
976	0
977	0
978	0
979	0
980	0
981	0
982	0
983	0
984	0
985	0
986	0
987	0
988	0
989	0
990	0
991	0
992	0
993	0
994	0
995	0
996	0
997	0
998	0
999	0
1000	0
1001	0
1002	0
1003	0
1004	0
1005	0
1006	0
1007	0
1008	0
1009	0
1010	0
1011	0
1012	0
1013	0
1014	0
1015	0
1016	0
1017	0
1018	0
1019	0
1020	0
1021	0
1022	0
1023	0
	
	
	
	
	
	
	
	
	
	
	
	
	
	
