Canal	Cuentas
0	0
1	1
2	5
3	202
4	1407
5	928
6	710
7	661
8	382
9	251
10	157
11	91
12	83
13	60
14	69
15	66
16	69
17	62
18	60
19	57
20	65
21	55
22	57
23	49
24	58
25	58
26	59
27	64
28	67
29	67
30	78
31	68
32	63
33	58
34	69
35	67
36	72
37	64
38	70
39	68
40	61
41	67
42	74
43	74
44	89
45	78
46	75
47	78
48	76
49	98
50	100
51	92
52	94
53	77
54	84
55	77
56	88
57	81
58	70
59	77
60	88
61	85
62	71
63	78
64	66
65	89
66	86
67	86
68	80
69	75
70	92
71	90
72	89
73	106
74	129
75	125
76	135
77	140
78	185
79	191
80	204
81	230
82	238
83	234
84	239
85	221
86	224
87	184
88	196
89	174
90	156
91	136
92	158
93	113
94	147
95	155
96	145
97	139
98	108
99	112
100	92
101	104
102	86
103	72
104	77
105	66
106	86
107	70
108	75
109	60
110	79
111	72
112	81
113	85
114	74
115	76
116	75
117	69
118	77
119	89
120	67
121	63
122	71
123	71
124	71
125	72
126	79
127	71
128	70
129	77
130	62
131	78
132	59
133	62
134	77
135	58
136	79
137	66
138	86
139	71
140	84
141	92
142	75
143	78
144	85
145	60
146	65
147	79
148	51
149	79
150	74
151	64
152	72
153	82
154	67
155	83
156	56
157	74
158	84
159	71
160	85
161	62
162	91
163	74
164	72
165	80
166	56
167	82
168	90
169	82
170	68
171	70
172	75
173	71
174	64
175	79
176	76
177	78
178	81
179	65
180	88
181	78
182	84
183	82
184	87
185	66
186	79
187	71
188	84
189	73
190	80
191	76
192	77
193	93
194	86
195	88
196	90
197	88
198	82
199	96
200	98
201	95
202	122
203	106
204	92
205	95
206	97
207	104
208	110
209	109
210	106
211	96
212	98
213	101
214	104
215	95
216	116
217	139
218	111
219	113
220	121
221	112
222	116
223	104
224	115
225	110
226	108
227	130
228	99
229	124
230	124
231	106
232	117
233	106
234	119
235	114
236	104
237	116
238	101
239	112
240	123
241	122
242	145
243	123
244	141
245	119
246	125
247	119
248	113
249	118
250	123
251	127
252	128
253	115
254	114
255	111
256	102
257	113
258	124
259	110
260	111
261	128
262	121
263	103
264	94
265	112
266	116
267	105
268	114
269	114
270	104
271	119
272	107
273	103
274	105
275	98
276	103
277	107
278	80
279	84
280	119
281	96
282	99
283	109
284	98
285	83
286	96
287	89
288	117
289	95
290	103
291	99
292	101
293	106
294	88
295	87
296	95
297	72
298	81
299	116
300	71
301	102
302	83
303	97
304	90
305	96
306	96
307	83
308	80
309	92
310	82
311	72
312	85
313	86
314	81
315	78
316	91
317	77
318	92
319	73
320	96
321	81
322	94
323	75
324	77
325	85
326	83
327	95
328	82
329	68
330	88
331	82
332	72
333	66
334	67
335	82
336	67
337	90
338	65
339	86
340	75
341	80
342	78
343	70
344	72
345	74
346	65
347	65
348	81
349	77
350	66
351	68
352	73
353	70
354	69
355	76
356	64
357	61
358	76
359	64
360	81
361	75
362	98
363	70
364	75
365	77
366	75
367	65
368	73
369	74
370	77
371	70
372	61
373	75
374	63
375	73
376	65
377	71
378	75
379	77
380	83
381	88
382	59
383	67
384	74
385	68
386	77
387	68
388	58
389	67
390	55
391	59
392	62
393	51
394	72
395	66
396	84
397	70
398	71
399	66
400	68
401	68
402	68
403	65
404	59
405	69
406	72
407	61
408	55
409	72
410	58
411	62
412	70
413	73
414	67
415	54
416	48
417	69
418	69
419	66
420	58
421	65
422	68
423	72
424	58
425	65
426	67
427	58
428	63
429	64
430	51
431	57
432	71
433	44
434	72
435	70
436	78
437	67
438	63
439	56
440	74
441	54
442	57
443	57
444	63
445	63
446	53
447	58
448	56
449	51
450	60
451	43
452	65
453	63
454	61
455	62
456	59
457	64
458	67
459	66
460	51
461	67
462	65
463	61
464	55
465	53
466	62
467	62
468	54
469	68
470	57
471	64
472	69
473	67
474	56
475	63
476	64
477	56
478	52
479	61
480	68
481	49
482	71
483	51
484	50
485	69
486	50
487	63
488	79
489	69
490	51
491	50
492	54
493	58
494	62
495	56
496	58
497	63
498	63
499	68
500	77
501	60
502	62
503	63
504	53
505	75
506	55
507	65
508	53
509	67
510	57
511	62
512	75
513	63
514	57
515	71
516	61
517	59
518	72
519	66
520	60
521	56
522	65
523	70
524	64
525	60
526	67
527	62
528	53
529	74
530	71
531	66
532	76
533	68
534	63
535	60
536	66
537	70
538	50
539	75
540	59
541	64
542	70
543	57
544	55
545	77
546	61
547	66
548	55
549	70
550	62
551	63
552	66
553	54
554	60
555	69
556	63
557	66
558	79
559	62
560	75
561	63
562	61
563	79
564	75
565	77
566	63
567	76
568	55
569	62
570	75
571	60
572	68
573	60
574	62
575	80
576	47
577	61
578	62
579	64
580	80
581	64
582	72
583	74
584	73
585	61
586	71
587	63
588	64
589	61
590	73
591	73
592	61
593	79
594	69
595	59
596	60
597	63
598	75
599	75
600	63
601	76
602	63
603	71
604	51
605	65
606	58
607	71
608	75
609	62
610	54
611	52
612	67
613	68
614	51
615	57
616	79
617	59
618	54
619	43
620	43
621	52
622	52
623	44
624	51
625	38
626	50
627	46
628	49
629	38
630	40
631	35
632	48
633	40
634	36
635	37
636	46
637	42
638	31
639	31
640	27
641	41
642	26
643	28
644	28
645	38
646	26
647	28
648	25
649	35
650	22
651	16
652	22
653	34
654	20
655	12
656	16
657	25
658	15
659	20
660	21
661	13
662	21
663	14
664	17
665	20
666	26
667	22
668	22
669	21
670	15
671	16
672	26
673	17
674	7
675	12
676	25
677	10
678	12
679	6
680	12
681	9
682	13
683	9
684	13
685	15
686	16
687	14
688	19
689	13
690	13
691	14
692	14
693	18
694	9
695	7
696	6
697	7
698	10
699	12
700	13
701	16
702	12
703	7
704	9
705	5
706	11
707	15
708	9
709	11
710	6
711	8
712	5
713	6
714	5
715	8
716	5
717	6
718	8
719	5
720	6
721	7
722	7
723	5
724	7
725	12
726	8
727	5
728	3
729	9
730	9
731	8
732	6
733	12
734	13
735	6
736	6
737	4
738	8
739	10
740	7
741	4
742	6
743	8
744	6
745	6
746	3
747	7
748	6
749	5
750	6
751	6
752	6
753	5
754	11
755	5
756	7
757	3
758	12
759	6
760	8
761	5
762	5
763	12
764	7
765	16
766	12
767	17
768	9
769	19
770	12
771	17
772	13
773	22
774	21
775	25
776	17
777	24
778	24
779	32
780	39
781	43
782	39
783	32
784	40
785	43
786	61
787	53
788	57
789	76
790	83
791	76
792	77
793	85
794	89
795	97
796	115
797	93
798	106
799	133
800	124
801	139
802	144
803	141
804	146
805	133
806	175
807	191
808	208
809	179
810	229
811	200
812	234
813	218
814	253
815	222
816	261
817	243
818	247
819	278
820	276
821	285
822	291
823	316
824	304
825	312
826	295
827	318
828	302
829	316
830	319
831	365
832	333
833	326
834	329
835	295
836	333
837	333
838	349
839	350
840	316
841	322
842	347
843	297
844	341
845	325
846	281
847	297
848	292
849	281
850	305
851	234
852	275
853	265
854	247
855	246
856	214
857	216
858	236
859	197
860	201
861	199
862	167
863	168
864	168
865	154
866	141
867	142
868	137
869	132
870	96
871	89
872	111
873	120
874	87
875	67
876	88
877	71
878	84
879	64
880	73
881	68
882	39
883	48
884	35
885	43
886	41
887	44
888	28
889	39
890	23
891	17
892	20
893	11
894	16
895	19
896	9
897	13
898	12
899	11
900	10
901	5
902	5
903	7
904	9
905	4
906	3
907	7
908	4
909	7
910	3
911	5
912	3
913	0
914	1
915	0
916	1
917	3
918	2
919	2
920	0
921	3
922	2
923	4
924	0
925	0
926	1
927	1
928	1
929	0
930	0
931	0
932	0
933	0
934	0
935	0
936	0
937	0
938	0
939	0
940	0
941	0
942	0
943	1
944	0
945	0
946	0
947	0
948	0
949	0
950	0
951	0
952	0
953	0
954	0
955	0
956	0
957	0
958	0
959	0
960	0
961	0
962	0
963	0
964	0
965	0
966	0
967	0
968	0
969	0
970	0
971	0
972	0
973	0
974	0
975	0
976	0
977	0
978	0
979	0
980	0
981	0
982	0
983	0
984	0
985	0
986	0
987	0
988	0
989	0
990	0
991	0
992	0
993	0
994	0
995	0
996	0
997	0
998	0
999	0
1000	0
1001	0
1002	0
1003	0
1004	0
1005	0
1006	0
1007	0
1008	0
1009	0
1010	0
1011	0
1012	0
1013	0
1014	0
1015	0
1016	0
1017	0
1018	0
1019	0
1020	0
1021	0
1022	0
1023	0
	
	
	
	
	
	
	
	
	
	
	
	
	
	
